6666666666. 666

1116169,,93 31023776 11166 6666611, 161 666 61666666 66666 666 (1116661 106,
ΗΔΕ, 66611616 39 86 6206, 76,.6 66166 166166 666666 66666666, 66 61661616 gantae
(1666199669, 23863, 3696 63

Zu 6666 7161666 6661666666 ΕΗ 666 GE 166666 616 6166666616 66166161 616 1666666
666 6666 616666166ΕΗ, 6661166326, 786, 1656, 616 6616166161666616116. 26. 66 ΟΕ
6666616, 66611616 16 (ΞΕ, 2638, 396, 6806, 66 61666 6166 6166666616 866166 822312,

4360666, 6663626, 6666 66166666 66616 116. 26. 666 62. gerunden wirdt der walger ’

66676, 2638378, 636163. 1166 66666 166166 Walger 666 (166661 66666666, 66 66-
666366 6166 666 116666 6666 6661666 malins 766389, 2676608, 6716263. 71666
6666 6166 6166666 616661 666 616 6166666666666666661, 6666666 666 6616166666 616
6666666166 6666166666666666116. 52, 66 6161166 616 666 7201,3,26661,86, 6626269
6166 6166 vmb 666 60, 66, 52 66611 weniger

61666 66616 666 1161616666 6666166666 666 6666666 Walgers 116661 man 666 Η616
666 616616661- 666 61166666666166666666 6166 9666666616 6166 72666, 26187,,2
66292. 61666666 6666 666666666 6666 61666 1161616668, 616 bey 61116666 1161661616-
reru 166 1166666161, 61616666 166666 6666.

66. 0166666· odos 266666666666,66166166666666 666 6116616666 sparuna« 6166666
meduan.

(Ex opin. 16666. 26. Vol. IV. p. 696)

6166 61666 Figuren ’(66616 6666616666) 61611·
66666 61666 66 666 11166666. 71666 6666 ge·
66166161, 666661666166116666666666, 66 ff
nimb 66666666 jhr verwante volleibige Figur
damu. die 66 1616666116. 36. 35. 60. 66661 c.
66666666 66166666, 6666 6666 6616666 gerach-
661, 66 666616 6666 6666661666 6666 6166
1616166616 Figuren rechnen. 116666 6666 6166
miter gehiirig.

161 66 616 0616666666663, 6116661666 66 666 r
Bogen ΒΕ (66661666 3666666666661661666-κ,κ
66666616 ΒΑ 66616661) 6666666 6666166666 wer· 0 .. “
666 66666) 6666 dem 16661666 6666 mittem Ι .
Theil eines 6161663660666616 61166, 66 6661666 Π κ· ¹
6666116. 40. den 66166116 666 6616666166, 116-
gel (6666616666 66666 666 Bogen ΕΒ vmb
ΕΑ 16666661) 66666) 666 6666661166 616 zahl
. 661666 1166666 6616 der zahl 6166116166, 616
etwas 61166666 166 daun die Η6666 ΕΑ. 161 Α . .
6661601666666666663 durch NB zuverste·
1666, 6666 66 616 3666616166 Circkelbogen 166,
so rechne 6666 116. 37. 38. 666 666666666166,
wie 66616 116. 63. gesagt, 666 6611166166
661666 1616 16 616 6666136 Η6616 116166
66 616 Zwespen· 6666 Kn'echenrundung, 61166· Ι,
116666 6161616131 (doppelt verstanden) 6666 ,κ’
dem rundspitzigen Thai} oder (166666 6166 D
ablengen (61666666 61166, 66 6666666666116.60.
666 86166116 666 ablengen Kugel 666 666611- 1
661616 661666 Leib 16 6161161, 616 longer 161

 

