m . Oesterreiehiseha'

8000000000 10110 00 000 1010 0000 8000011110, 01101 0110101000 mmmmm,
001101 101 0000 10100 010 8000110 11111), nnn 0010 1101001 80μο 1111 101 77 0100
19 0110 9 000.

1000 0100 010 langen Ζο11100 hie 0100111100, 00 10101001 01100000 0010 (010
1010000101110100101, mit so langen Zahlen 1010011000, 00 00100 auch 010 10 101010
2111010 01001 gem, 010 010 101000 0000 0010 1011100 0000000 0000 Regem md
0000 0011010100 0011010000 010110, Ι’010 1010100100 gend, 1110 1111 010 010 0100-
chen 01110000, 0000000 vmb 01110 010 00100 11001001 0001ηο1,000 01000 00
00000010 01001οῐ01 01001 200010, 0000010 0012010011 Μ &Qun mit
0010 1010 01101 0001 8000, 1011 0010 8010 nieht 1001100, 110 hy 00013 ge·
1001001101. - ‘¹ '

Der 00010 Weg 1111 010 110100 80001100, 00100 110ςο0 *iifl-md.
Doeh 00110 010803000001101010 001 11010 00100, 00 1010001 00 nb 01, ffl 00
. ’ 00110001, 010 00000010101111010 (30001000 parabolica, 0011οο01001 Μ. 31.
1111011100 100111011011 0001010 0000 100000 1100000 10 010 0010011000 0000
8011011000, 00101001001110010 0001111110 0000 110001000011000. 11000 0011101- ’
00010 110001000οἰ10 1001001 001110 1101100 0001 101101, 10 0010 01010000 mg,
0011100010 0000, 001 0111000010 8000110 0001, 01101100 01000100 110001, 1001001
0100110)1 011110 Το011 von 10101 1101100 0001101101.

38- Zu 0010000100 eim 111100οὡ0110 in 01000 110001 000 ciuem 80000 10111100,

(10110Το001. 11. 000 001. 10111, 0. 505.)

11100 gibt 0111001 auch 0001101000 Weg 001000000 000 0010000000 Kugel·
000011000. 80 010101 00, 11000 010 110001 0011 000180000 HK 010001, 100 011
0011011011 0010001 80110001010001, 00000100 10 000 11111001 D, 00 100 0101001

1 00 grona sein, 010 001 10000 1100εο000110 11111), 00011 0011 0001 110000 HK 010·

0000. 8011 0000 001 Kegel 00 01000 werden als der 8000110 HKD, 0010000 01

, 1001 000 D 01000001010000, 0010 81001001 0100100 0: 101000 010 8100, wie lang

10, 0000 Kegels 0000, 0010 werde? 000100000 0100.

’ Wann du 0001 010 110011 11) 78019, 00 00110110 00100 DL 200000, 010101 011 IL
121951. Nu 0011100011 ID 01111111, 000 1100101 000 0111011 10 IL, 00110001 dir
01000, 00101100 110, 0010 00 zu DI, 00 00010 10 1120191 10100 01010 000 011110 10011
00011 0011100180, 20, 010111011011010 000 11010 0000 Βο0000 ΗΚ, wie du 1000 010000
11037. 00100000, 00 1101001 011 001 11010 0000 Kegels 11110 00010000 8011011000 ΗΚΙ)
111580000000000 1001 010 011101.

80001001010000100111010,0000 0100 010 00110000 Figur irem Leib nach 1000-

000 011, 00 10000 0100 sehon, dass 1000 010 10001000 0010000 Kegel verwandlen 110000.

Noch 010 1111001001. Ein Kugelschnitz 000 010 Boden 18 0101 00 01011 010 hoch;
110110 00180000 00011 0011010000 1513701977, 00 01101010110001 82 mal so boch
,0010 010 001 8000110. 8011011000 0100, 1110 sich 11011 000 0000111010ιο 81 0001 1111-
000 01000101 100000 nach der 01000001, 00 0011 0100 01011000 0001 000 1111110010
, 11001011 zu 1201. 010010101011110000111000000 1100010, 001 000 80110110 010100 ist
00101010110011 nach 001 0100000121391 0010 00 00000100, so kommt 0000 1100010
110110 3873, 000000 0111100 ’111011 101 1221 ein Dn'ttheil, 0010000100110101010 0000100·
0000 Feldung 151 etc., so kompt 0011101101 0001811110 0000 Kegels 100 0100 0000
0000 80000000 1800000000000.
1110 1101100111 110111000110101011010110 IL mit 1100001100101000 dividit mit ID,
00 1100101 011 LP 156250, 0010 LI 001011, 00 110010 0000 0101100110οω Κο00111ΡΙ1,

. (101 0001 01000010 8000110 11111 010100101, 1110111011 278201. 80110 00100Ηὸοο00 011-

umen, ιο 100 00 000100. (0000)

 

